33,2
33,1
33,0
32,4
32,3
32,2
32,1
32,0
29,8
29,7
29,6
29,5
29,4
29,3
29,2
29,1
29,0
28,5
28,4
28,3
28,2
28,1
28,0
27,12
27,6
27,5
27,4
27,3
27,2
27,1
27,0
26,5
26,3
26,2
26,1
26,0
25,5
25,4
25,3
25,2
25,1
25,0
24,3
24,2
24,1
24,0
20,6
20,5
20,4
20,3
20,2
20,1
20,0
19,7
19,6
19,5
19,4
19,3
19,2
19,1
19,0
17,7
17,6
17,4
17,3
17,2
17,1
17,0
15,5
15,4
15,3
15,2
15,1
15,0
14,7
14,5
14,4
14,3
14,2
14,1
14,0
6,3
6,2
6,1
6,0
5,3
5,2
5,1
5,0
4,3
2,11
2,10
2,9
2,8
2,7
2,6
2,5
2,3
2,2
2,1
2,0
1,3
0,439
0,438
0,410
0,324
0,243
0,9
0,0
0,1
0,428
0,300
0,427
0,299
0,426
0,298
0,425
0,297
0,424
0,296
0,423
0,295
0,422
0,294
0,421
0,293
0,420
0,292
0,419
0,291
0,418
0,290
0,417
0,289
0,416
0,288
0,415
0,287
0,414
0,286
0,413
0,285
0,412
0,284
0,411
0,283
0,409
0,282
0,408
0,281
0,407
0,280
0,406
0,279
0,405
0,278
0,404
0,277
0,403
0,276
0,402
0,275
0,401
0,274
0,400
0,273
0,399
0,272
0,398
0,271
0,397
0,270
0,396
33,3
33,4
34,0
34,1
34,3
34,4
34,7
36,1
36,2
36,4
37,0
37,2
37,4
38,0
38,2
38,3
38,5
38,6
41,1
41,3
41,4
41,6
41,7
41,9
44,1
44,2
44,4
44,5
46,0
46,1
46,3
47,0
47,1
47,3
47,4
47,6
48,1
48,2
48,4
48,5
49,1
49,2
49,4
49,6
49,7
51,0
51,1
51,3
58,0
58,1
58,3
58,4
58,6
61,1
61,2
61,4
62,0
62,2
62,3
62,5
64,0
64,1
64,3
65,0
65,2
65,4
65,5
66,1
66,2
66,4
66,5
69,1
69,3
69,4
74,1
74,2
74,4
77,0
77,1
77,3
78,0
78,2
78,3
80,1
80,3
82,0
82,2
82,3
84,1
84,3
84,4
85,1
85,2
85,4
85,6
85,7
86,0
86,1
86,3
86,4
87,0
87,2
87,3
88,0
88,1
88,3
88,5
88,6
90,1
90,2
91,0
91,1
91,3
92,1
92,2
92,4
94,0
94,2
94,4
95,0
95,2
95,3
96,1
96,2
96,4
96,6
96,7
96,9
96,10
96,12
96,14
98,0
98,2
98,3
99,0
99,1
99,3
99,5
99,6
100,0
100,1
100,3
100,5
100,6
101,0
101,1
101,3
102,0
102,1
102,3
102,4
102,5
102,2
101,4
101,2
100,7
100,4
100,2
99,7
99,4
99,2
98,4
98,1
96,13
96,11
96,8
96,5
96,3
96,0
95,1
94,3
94,1
92,3
92,0
91,2
90,3
90,0
88,4
88,2
87,4
87,1
86,5
86,2
85,8
85,5
85,3
85,0
84,2
84,0
82,1
80,2
80,0
78,1
77,2
74,5
74,3
74,0
69,2
69,0
66,3
66,0
65,3
65,1
64,2
62,6
62,4
62,1
61,3
61,0
58,5
58,2
51,4
51,2
49,8
49,5
49,3
49,0
48,3
48,0
47,5
47,2
46,4
46,2
44,6
44,3
44,0
41,8
41,5
41,2
41,0
38,4
38,1
37,3
37,1
36,3
36,0
34,5
34,2
33,5
0,269
0,395
0,268
0,394
0,267
0,393
0,266
0,392
0,265
0,391
0,264
0,390
0,263
0,389
0,262
0,388
0,261
0,387
0,260
0,386
0,259
0,385
0,258
0,384
0,257
0,383
0,256
0,382
0,255
0,381
0,254
0,380
0,253
0,379
0,252
0,378
0,251
0,377
0,250
0,376
0,249
0,437
0,248
0,375
0,247
0,374
0,246
0,373
0,245
0,372
0,244
0,371
0,242
0,370
0,241
0,369
0,240
0,368
0,239
0,367
0,238
0,366
0,237
0,365
0,236
0,364
0,235
0,363
0,234
0,362
0,233
0,361
0,232
0,433
0,231
0,360
0,230
0,359
0,229
0,358
0,228
0,357
0,227
0,356
0,226
0,355
0,225
0,354
0,224
0,432
0,223
0,353
0,222
0,352
0,221
0,351
0,220
0,350
0,219
0,349
0,218
0,348
0,217
0,347
0,216
0,436
0,215
0,346
0,214
0,345
0,213
0,344
0,212
0,343
0,211
0,342
0,210
0,341
0,209
0,340
0,208
0,431
0,207
0,339
0,206
0,338
0,205
0,337
0,204
0,336
0,203
0,335
0,202
0,430
0,201
0,334
0,200
0,333
0,199
0,332
0,198
0,331
0,197
0,330
0,196
0,329
0,195
0,328
0,194
0,429
0,193
0,327
0,192
0,326
0,63
0,325
0,62
0,323
0,61
0,322
0,60
0,321
0,59
0,320
0,58
0,319
0,57
0,318
0,56
0,317
0,55
0,316
0,54
0,315
0,53
0,314
0,52
0,313
0,51
0,312
0,50
0,311
0,49
0,310
0,48
0,309
0,47
0,308
0,46
0,307
0,45
0,301
0,6
0,5
0,304
0,303
0,306
0,305
0,302
0,12
0,435
0,10
0,8
0,11
0,4
0,2
0,3
0,7
